$s10
10004.089 10057.479  9925.346  9914.032 10086.054  9933.731 10074.275 9913.977  9881.552  9954.534

$s60
 9985.742  9957.621 10099.905 10077.340 10076.512 10078.169 10371.554 10208.544 10257.985 10100.760

$s200
10020.596 10047.345 10227.563  9939.967 10107.730 10026.414 10124.636 10007.965  9997.983 10199.438

$s600
 9776.679  9918.056 10113.357 10053.895 10047.928 10079.484  9772.503 10144.305 10039.169  9874.268

$s1000
 9906.454  9946.789  9904.905  9896.832 10075.762 10432.852 10338.334 10053.010 10248.720  9963.704

$s1400
10762.07 11370.14 11502.97 11608.49 12109.78 10758.23 14163.68 13838.93 16862.66 15708.28

$s1460
16651.071 16603.009 16979.588 16669.172 15742.144  9939.567  9958.652 10041.766 10079.935 10110.046

      s10       s60       s200       s600      s1000       s1400        s1460 
> means                                                            
 9974.507 10121.413  10069.964   9981.965  10076.736   12868.522    13277.495 
> vars
 5621.772 15640.680   8531.774  18625.025  38438.230 4644471.757 11845229.684
> sds                                                              
74.97848  125.06271   92.36760  136.47353  196.05670  2155.10365   3441.68995

Final mean:
10847.71 => 92,185.35pps ~ 100,000pps

This is skewed by the awkward VM results.