$s10
 3545.701 3545.686 3545.702 3545.700 3545.759 3545.705 3545.561 3545.718 3545.796 3545.687

$s60
 3881.653 3881.835 3881.614 3881.606 3881.727 3881.626 3881.635 3881.671 3881.630 3881.667

$s200
 5552.574 5552.433 5552.486 5552.494 5552.554 5552.453 5552.449 5552.207 5552.538 5552.477

$s600
 9234.552 9234.569 9234.558 9234.239 9234.604 9234.564 9234.736 9234.576 9234.610 9234.586

$s1000
 12386.61 12386.66 12386.64 12386.57 12386.63 12386.55 12386.57 12386.59 12386.60 12386.59

$s1400
 15458.52 15458.44 15458.52 15458.53 15458.54 15458.51 15458.43 15458.50 15458.55 15458.78

$s1460
 15632.49 15632.47 15632.52 15632.49 15632.48 15632.50 15632.50 15632.47 15632.46 15632.62

      s10       s60      s200      s600     s1000     s1400     s1460
> means
 3545.702  3881.666  5552.466  9234.559 12386.602 15458.533 15632.500
> vars
 0.003637294 0.004721940 0.010500762 0.015545560 0.001224925 0.009085820 0.002164946
> sds
 0.06030998 0.06871637 0.10247323 0.12468183 0.03499893 0.09531957 0.04652898

Final mean:
9384.576us => 0.009384576s, 106.558pps?

--Timestamps were off by x1000, 

9384.576ns => 0.000009384576s, 106,557.82pps!